123252561
123258168
123258888
123654321
126456489
126852642
126858249
126858969
129252249
129252969
129258567
129654729
141252327
141258645
141654168
141654888
144456246
144456966
144852489
144858726
147252726
147258324
147654567
162456723
162852246
162852966
162858564
165252564
165258162
165258882
165654324
168456483
168852645
168858243
168858963
183252321
183258648
183654162
183654882
186456249
186456969
186852483
186858729
189252729
189258327
189654561
222456564
222852726
222858324
225252324
225258642
225654165
225654885
228456243
228456963
228852486
228858723
243252162
243252882
243258489
243654642
246456729
246852243
246852963
246858561
249252561
249258168
249258888
249654321
261252648
261258246
261258966
261654489
264456567
264852729
264858327
267252327
267258645
267654168
267654888
282456324
282852567
282858165
282858885
285252165
285252885
285258483
285654645
288456723
288852246
288852966
288858564
321252489
321258726
321654249
321654969
324456327
324852561
324858168
324858888
327252168
327252888
327258486
327654648
342456165
342456885
342852327
342858645
345252645
345258243
345258963
345654486
348456564
348852726
348858324
363252483
363258729
363654243
363654963
366456321
366852564
366858162
366858882
369252162
369252882
369258489
369654642
381252249
381252969
381258567
381654729
384456168
384456888
384852321
384858648
387252648
387258246
387258966
387654489
423252243
423252963
423258561
423654723
426456162
426456882
426852324
426858642
429252642
429258249
429258969
429654483
441252729
441258327
441654561
444456648
444852162
444852882
444858489
447252489
447258726
447654249
447654969
462456486
462852648
462858246
462858966
465252246
465252966
465258564
465654726
468456165
468456885
468852327
468858645
483252723
483258321
483654564
486456642
486852165
486852885
486858483
489252483
489258729
489654243
489654963
522456246
522456966
522852489
522858726
525252726
525258324
525654567
528456645
528852168
528852888
528858486
543252564
543258162
543258882
543654324
546456483
546852645
546858243
546858963
549252243
549252963
549258561
549654723
561252321
561258648
561654162
561654882
564456249
564456969
564852483
564858729
567252729
567258327
567654561
582456726
582852249
582852969
582858567
585252567
585258165
585258885
585654327
588456486
588852648
588858246
588858966
621252162
621252882
621258489
621654642
624456729
624852243
624852963
624858561
627252561
627258168
627258888
627654321
642456567
642852729
642858327
645252327
645258645
645654168
645654888
648456246
648456966
648852489
648858726
663252165
663252885
663258483
663654645
666456723
666852246
666852966
666858564
669252564
669258162
669258882
669654324
681252642
681258249
681258969
681654483
684456561
684852723
684858321
687252321
687258648
687654162
687654882
723252645
723258243
723258963
723654486
726456564
726852726
726858324
729252324
729258642
729654165
729654885
741252483
741258729
741654243
741654963
744456321
744852564
744858162
744858882
747252162
747252882
747258489
747654642
762456168
762456888
762852321
762858648
765252648
765258246
765258966
765654489
768456567
768852729
768858327
783252486
783258723
783654246
783654966
786456324
786852567
786858165
786858885
789252165
789252885
789258483
789654645
822456648
822852162
822852882
822858489
825252489
825258726
825654249
825654969
828456327
828852561
828858168
828858888
843252246
843252966
843258564
843654726
846456165
846456885
846852327
846858645
849252645
849258243
849258963
849654486
861252723
861258321
861654564
864456642
864852165
864852885
864858483
867252483
867258729
867654243
867654963
882456489
882852642
882858249
882858969
885252249
885252969
885258567
885654729
888456168
888456888
888852321
888858648
921252564
921258162
921258882
921654324
924456483
924852645
924858243
924858963
927252243
927252963
927258561
927654723
942456249
942456969
942852483
942858729
945252729
945258327
945654561
948456648
948852162
948852882
948858489
963252567
963258165
963258885
963654327
966456486
966852648
966858246
966858966
969252246
969252966
969258564
969654726
981252324
981258642
981654165
981654885
984456243
984456963
984852486
984858723
987252723
987258321
987654564
